298.96 
140.64 
10.56 
90.38 
100.78 
92.15 
52.85 
324.56 
239.30 
348.28 
197.67 
334.86 
297.18 
125.11 
102.44 
4.09 
199.57 
307.54 
101.94 
218.89 
302.14 
309.96 
74.10 
25.79 
42.12 
259.83 
327.20 
115.72 
75.13 
262.13 
22.20 
359.82 
23.32 
192.21 
296.77 
167.30 
129.04 
108.73 
120.69 
302.78 
5.53 
224.58 
164.76 
227.96 
133.66 
15.68 
229.97 
22.86 
330.89 
87.13 
32.03 
284.46 
120.40 
78.40 
12.54 
167.54 
247.57 
230.75 
139.59 
300.97 
274.48 
227.34 
256.26 
284.27 
54.14 
65.44 
116.10 
50.51 
122.42 
105.74 
258.60 
310.87 
286.46 
234.55 
155.15 
27.55 
106.12 
18.70 
45.54 
94.72 
213.25 
67.46 
85.21 
92.00 
330.86 
69.97 
324.05 
50.53 
31.55 
122.78 
243.23 
318.60 
136.15 
155.30 
120.92 
316.09 
91.67 
249.86 
227.72 
293.87 
91.41 
85.93 
36.79 
221.10 
343.02 
32.60 
350.61 
221.56 
339.99 
199.90 
78.63 
250.14 
344.70 
216.33 
72.85 
317.85 
327.24 
62.35 
115.36 
95.64 
