144.00 
94.00 
129.00 
123.00 
116.00 
161.00 
71.00 
86.00 
78.00 
81.00 
109.00 
110.00 
99.00 
68.00 
142.00 
62.00 
127.00 
118.00 
172.00 
121.00 
97.00 
103.00 
88.00 
155.00 
139.00 
58.00 
157.00 
124.00 
136.00 
165.00 
73.00 
80.00 
117.00 
133.00 
90.00 
150.00 
107.00 
85.00 
61.00 
67.00 
105.00 
148.00 
160.00 
134.00 
59.00 
79.00 
91.00 
95.00 
66.00 
82.00 
64.00 
126.00 
120.00 
65.00 
125.00 
115.00 
102.00 
168.00 
70.00 
112.00 
57.00 
152.00 
111.00 
146.00 
100.00 
141.00 
63.00 
60.00 
104.00 
135.00 
143.00 
153.00 
113.00 
154.00 
77.00 
69.00 
122.00 
145.00 
156.00 
158.00 
167.00 
151.00 
140.00 
74.00 
54.00 
137.00 
131.00 
138.00 
92.00 
164.00 
130.00 
106.00 
96.00 
132.00 
93.00 
119.00 
114.00 
75.00 
87.00 
128.00 
166.00 
171.00 
89.00 
159.00 
170.00 
72.00 
101.00 
76.00 
55.00 
162.00 
53.00 
84.00 
163.00 
56.00 
147.00 
83.00 
108.00 
98.00 
149.00 
169.00 
